Time: 5.842187	
FPS: 1.540519	
Time*FPS: 9.000000	