Time: 0.167074	
FPS: 53.868280	
Time*FPS: 9.000000	