Time: 0.179122	
FPS: 50.244959	
Time*FPS: 9.000000	