Time: 0.169098	
FPS: 53.223606	
Time*FPS: 9.000000	